LMC 78.77000000000005 -69.00999999999995 50.1 1.849999999999999 0.02 0.234 0.047 0.0 262.1999999999999  3.4
SMC 16.26 -72.42000000000002 62.800000000000004 0.797 0.063 -1.22 0.061 0.0 145.6 0.6
Sgr 283.83129999999994 -30.545299999999987 26.670000000000005 -2.692 0.009 -1.3589999999999987  0.008  0.114 140.0000000000001  2
Fornax 39.96200000000003 -34.510999999999974 139.3 0.374 0.004 -0.40099999999999986 0.005 0.46 55.29999999999992 0.3
Carina 100.40699999999998 -50.966 103.8 0.485 0.017 0.131 0.016  0.083 229.09999999999997 0.1 
LeoII 168.36999999999995 22.152000000000033 224.90000000000006 -0.025  0.08  -0.1729999999999999  0.083 0.401  77.99999999999996  0.1
Sextans 153.26799999999997 -1.6199999999999948 85.9  -0.43800000000000017  0.028 0.055000000000000215 0.028  0.238  224.20000000000002  0.1 
Sculptor 15.039000000000057 -33.708999999999975 84.71999999999998  0.08399999999999996  0.006  -0.13299999999999992  0.006    0.157   111.39999999999999  0.1 
Draco 260.06 57.964999999999954 79.06999999999998 -0.012 0.013 -0.158 0.015 0.131 -291 0.1
UMi 227.29724999999996 67.21436 60.0 0.05599999999999983  0.026  0.07400000000000027  0.023  0.387  -246.9    0.1  
LeoI 152.12199999999999 12.313000000000011 269.20000000000005 -0.086 0.059 -0.128 0.062 0.358  282.5 0.5  

