78.77000000000005 -69.00999999999995 49.458297009779635 1.8413524816655078 0.22460741037827137 261.8753896893805
78.77000000000005 -69.00999999999995 47.47363133330153 1.822777778251321 0.27961485090503657 262.8997154645155
78.77000000000005 -69.00999999999995 46.62155156403971 1.8508444854103492 0.2441530147942351 265.856566517251
78.77000000000005 -69.00999999999995 51.2425189372464 1.828206012534514 0.24189148341290753 259.4979793810621
78.77000000000005 -69.00999999999995 49.84200544366793 1.8384997621195047 0.2452069209036831 258.5330153563514
78.77000000000005 -69.00999999999995 50.29142847819662 1.8618193925660738 0.2851766892946955 261.38833282548427
78.77000000000005 -69.00999999999995 47.28475930244547 1.8599649056513867 0.2774604523772409 259.9398124153844
78.77000000000005 -69.00999999999995 48.82992639237194 1.8628774816294495 0.21516336660262336 263.11548874017
78.77000000000005 -69.00999999999995 51.84024353930512 1.8351367710061186 0.24260634575810736 263.14048281827877
78.77000000000005 -69.00999999999995 50.49444778645977 1.8521191531292034 0.18547133096872265 260.4092557318098
78.77000000000005 -69.00999999999995 47.15640380610531 1.8518866108161116 0.2901693173401685 265.4604628548441
78.77000000000005 -69.00999999999995 50.45443714983658 1.874058054949021 0.2946060843621594 265.3495035378206
78.77000000000005 -69.00999999999995 49.586173447501714 1.8922564525064354 0.21695503529427468 261.03351632461164
78.77000000000005 -69.00999999999995 51.63106360716378 1.8462361001597378 0.24103545001581028 264.3181624754455
78.77000000000005 -69.00999999999995 51.4871807409303 1.8241452781418135 0.22297519268299532 262.57648100929083
78.77000000000005 -69.00999999999995 48.16094369448629 1.8710016318790388 0.20498993972533303 261.40288466438534
78.77000000000005 -69.00999999999995 51.04577152048605 1.8762744788624413 0.2749085757076083 258.9269375012496
78.77000000000005 -69.00999999999995 54.39994540803151 1.8216083765897004 0.30823412502556796 259.2634510577905
78.77000000000005 -69.00999999999995 47.71950308021165 1.8652883845870678 0.23697481891057623 266.05324013508334
78.77000000000005 -69.00999999999995 49.09515698057438 1.841256869625953 0.2703717544493668 260.0486364503284
78.77000000000005 -69.00999999999995 48.62004344774456 1.8502819872624556 0.19468123974102952 266.15740471910004
78.77000000000005 -69.00999999999995 52.54549267750522 1.8841342504592669 0.30030303026143756 264.8560024332171
78.77000000000005 -69.00999999999995 50.01776515943051 1.856188087309846 0.196995011946869 264.11998603374275
78.77000000000005 -69.00999999999995 53.18836733243337 1.8279766203871777 0.15694177637454798 261.94941377107267
78.77000000000005 -69.00999999999995 47.56921814716763 1.8713671345808203 0.2565521289912599 263.5841373638105
78.77000000000005 -69.00999999999995 47.517071448905085 1.8555886055430846 0.23762761771671334 258.3332253902543
78.77000000000005 -69.00999999999995 50.966929726947946 1.8608806086232752 0.17581824311656913 256.4493577244915
78.77000000000005 -69.00999999999995 49.543989210717704 1.8406320854217564 0.32821697513787373 267.3717159436782
78.77000000000005 -69.00999999999995 50.058773200601614 1.8145493332196645 0.28058338744016764 264.1692091900949
78.77000000000005 -69.00999999999995 47.24267049959003 1.8419531010439267 0.1574815569047682 262.22405046599374
78.77000000000005 -69.00999999999995 50.82492495693987 1.8419550810893697 0.21820249228793337 261.65771340062406
78.77000000000005 -69.00999999999995 50.09021080187579 1.8562923627986534 0.2891723232119794 261.8092867989323
78.77000000000005 -69.00999999999995 53.392319580510424 1.8597170833659784 0.2083072648319914 262.96223634277254
78.77000000000005 -69.00999999999995 47.714875162284955 1.8785567053047438 0.25615060225781044 264.5762558825993
78.77000000000005 -69.00999999999995 46.96991635618304 1.8954664916665058 0.24039755545573688 264.64792115100636
78.77000000000005 -69.00999999999995 51.10713457846669 1.8479794048058182 0.23525051803820995 261.47573102820905
78.77000000000005 -69.00999999999995 45.36425981853064 1.8830773191419303 0.11105977769394698 263.3380193485142
78.77000000000005 -69.00999999999995 51.6451116977071 1.8519501247881023 0.18525577757215586 258.04636863144555
78.77000000000005 -69.00999999999995 47.99176228753793 1.8544793473913166 0.27256535661528125 268.51888375163895
78.77000000000005 -69.00999999999995 51.21979656540914 1.8161273411134173 0.1899551753500612 259.87038999717595
78.77000000000005 -69.00999999999995 45.45742125567362 1.8782031866135092 0.23360198299572238 260.95832638378243
78.77000000000005 -69.00999999999995 48.989074460859804 1.8295621289597956 0.19801763119115753 258.66820309644163
78.77000000000005 -69.00999999999995 45.32319047347988 1.8316680223256068 0.2598947477452197 265.30814260570077
78.77000000000005 -69.00999999999995 51.57260372969814 1.8489473764228412 0.1694339002190782 263.8231006742424
78.77000000000005 -69.00999999999995 51.086784396278134 1.8599201386090316 0.2560964419634924 259.0898578315498
78.77000000000005 -69.00999999999995 50.95661395140649 1.8872244062681145 0.17525810995828756 260.9606186239469
78.77000000000005 -69.00999999999995 50.20732892055001 1.8499134956794425 0.21343217578755375 258.39171397933325
78.77000000000005 -69.00999999999995 50.40958276734398 1.881081839623366 0.2317476241750723 262.5537782696056
78.77000000000005 -69.00999999999995 52.73100638771981 1.8699547430338535 0.29376550923536515 266.07283907369253
78.77000000000005 -69.00999999999995 55.10659501456977 1.8481525265102456 0.24579165794682298 260.55566208720876
