152.12199999999999 12.313000000000011 246.64880081436098 -0.16634115220958573 -0.14002868741793542 282.2317605648911
152.12199999999999 12.313000000000011 270.195492139958 -0.12970947103183367 -0.12932080751551592 282.6279245963431
152.12199999999999 12.313000000000011 249.42298312093118 -0.04133995180762537 -0.20281601747782546 282.3953831199294
152.12199999999999 12.313000000000011 277.4922157923272 -0.06541083422368837 -0.1690632648735525 282.7268081283323
152.12199999999999 12.313000000000011 265.8395013844908 -0.020261550208061654 -0.12015473911897596 283.15009512420426
152.12199999999999 12.313000000000011 279.9222016238584 0.028143008546622494 -0.08371564463183731 282.97923606096356
152.12199999999999 12.313000000000011 280.00218615198617 -0.12056306375920947 -0.10464755255777453 282.6356551595197
152.12199999999999 12.313000000000011 280.3900829390077 -0.08263501345266665 -0.1604757325989157 282.8737249079925
152.12199999999999 12.313000000000011 264.9360766181233 -0.10944242196044998 -0.18376445220536908 283.5599783859182
152.12199999999999 12.313000000000011 268.0544129469398 -0.24139595968349556 -0.08966593736013616 283.2951022334391
152.12199999999999 12.313000000000011 235.1970270961334 -0.1572392614437192 3.285271450409466e-05 283.08721393188216
152.12199999999999 12.313000000000011 269.38216937675145 -0.012569736703073736 -0.22901803910625013 283.1138707118403
152.12199999999999 12.313000000000011 266.8561013296804 -0.13266716160699576 -0.09343109492176918 283.38976888071466
152.12199999999999 12.313000000000011 268.89040148397595 -0.1524789799894632 -0.16658535188398516 282.63057429638485
152.12199999999999 12.313000000000011 258.07486974292294 -0.009138748809880096 -0.19078507302132158 282.70899226633423
152.12199999999999 12.313000000000011 263.0545892525858 -0.09968873033422451 -0.17769197232429823 282.7773045823544
152.12199999999999 12.313000000000011 272.6170903640915 -0.15899878457866035 -0.08576245049962264 281.8787636976332
152.12199999999999 12.313000000000011 266.396996081936 -0.11122110828305481 -0.09914761295714443 280.9041317765745
152.12199999999999 12.313000000000011 286.81462344236263 -0.11613329847335205 0.058093306919733995 282.21396051178164
152.12199999999999 12.313000000000011 261.1466400856471 -0.1326951833254697 -0.2240977951157942 282.3830738538147
152.12199999999999 12.313000000000011 273.1270335344179 -0.1706561415808103 -0.10604756778070175 283.41707592211253
152.12199999999999 12.313000000000011 250.69416083026806 0.0525989462258864 -0.03227171808581049 281.2689388029142
152.12199999999999 12.313000000000011 255.0324994070461 -0.07244413637329589 -0.1341596394333739 282.2895469795121
152.12199999999999 12.313000000000011 278.3573888253483 -0.14406034215462887 -0.0939681167140731 282.37686006103905
152.12199999999999 12.313000000000011 257.127954005134 -0.1299370396028863 -0.18466421317787096 282.6366610517441
152.12199999999999 12.313000000000011 263.6339370942236 -0.10416822045275029 -0.1229075073111785 282.45942481627384
152.12199999999999 12.313000000000011 257.25143054829203 -0.17231284407812458 -0.01622557994531222 282.4812398272754
152.12199999999999 12.313000000000011 254.48069388558798 -0.19207512759448214 -0.1635464867404388 282.99977740823437
152.12199999999999 12.313000000000011 296.80782039367267 -0.0808818833106834 -0.1881952725622552 283.1813408149503
152.12199999999999 12.313000000000011 266.1304543310242 -0.1151612960922237 -0.20761095989962375 282.41829801423404
152.12199999999999 12.313000000000011 286.42934821527166 -0.09006587388433068 -0.0914837172193865 282.64306479176173
152.12199999999999 12.313000000000011 262.780609287398 -0.0738521088031418 -0.09443420746456274 280.9200109398413
152.12199999999999 12.313000000000011 267.34230199373064 -0.056992755512861835 -0.2013173226439418 282.0586996302569
152.12199999999999 12.313000000000011 286.24246010006476 0.08123091944770683 -0.05207696305076989 282.6645089227962
152.12199999999999 12.313000000000011 266.3932434998021 -0.05429180861438181 -0.02633745983627042 282.69038412690384
152.12199999999999 12.313000000000011 271.2939190476871 -0.2561208762237549 -0.2001591963870255 282.9400773847892
152.12199999999999 12.313000000000011 270.1480047438039 -0.10991803252553746 -0.18675160338285854 282.3739539541759
152.12199999999999 12.313000000000011 272.6720275780476 -0.09116510950178666 -0.12893820710128925 281.46985649149025
152.12199999999999 12.313000000000011 286.6385745645509 -0.04737861460240983 -0.1576921393485784 282.0416644587572
152.12199999999999 12.313000000000011 257.6572567954009 -0.05919773896978557 -0.13935010566230913 282.1998858158517
152.12199999999999 12.313000000000011 254.73945820201607 -0.10742817911818926 -0.16754421585580886 282.8438693393632
152.12199999999999 12.313000000000011 270.02138225427205 -0.07533511553201294 -0.05741425701925375 282.9136738538099
152.12199999999999 12.313000000000011 253.80713557207994 -0.05958027286103143 -0.1462328242522028 282.6659588811291
152.12199999999999 12.313000000000011 262.99930264489115 -0.0873323257191224 -0.10022738669581281 281.8205450411844
152.12199999999999 12.313000000000011 276.7172452067791 -0.014559528380364381 -0.22928796211439006 282.5834648085516
152.12199999999999 12.313000000000011 279.312956496859 -0.06799267241374098 -0.15187689545324434 282.0687924550012
152.12199999999999 12.313000000000011 265.5282859703004 -0.08708281734950567 -0.1247450131865841 282.69845232814384
152.12199999999999 12.313000000000011 263.1452300358875 -0.00248054096535405 -0.14425127974615595 282.85903033368396
152.12199999999999 12.313000000000011 266.2544745882704 -0.1122488388336163 -0.1749108954882409 282.5796373946584
152.12199999999999 12.313000000000011 257.78252024290407 -0.027598527187123453 -0.14882076357501667 281.77778182365677
