16.26 -72.42000000000002 59.671624318263966 0.790096240285395 -1.2003899978345884 144.93173619478094
16.26 -72.42000000000002 63.60325572217839 0.8053492427587958 -1.1684287251997243 144.5161965224464
16.26 -72.42000000000002 58.25718153438789 0.848566581055497 -1.205653054081794 146.12388152063693
16.26 -72.42000000000002 65.06207452860755 0.6955089049491476 -1.1392491607701363 145.64209154262173
16.26 -72.42000000000002 61.581063854554564 0.7612699590998087 -1.267253279629098 146.01881411779203
16.26 -72.42000000000002 63.29855721413333 0.7484564931309496 -1.2040750428121771 145.793206575884
16.26 -72.42000000000002 61.64798769609053 0.8145953525646589 -1.223843811118004 145.3231394619983
16.26 -72.42000000000002 64.29646325926916 0.8126196003889574 -1.307691738237818 145.08037910843976
16.26 -72.42000000000002 64.11081454036818 0.6928156539154896 -1.2199001391026778 146.55899443544885
16.26 -72.42000000000002 61.833739596100436 0.8370841767462184 -1.3088686753455712 145.8447392262676
16.26 -72.42000000000002 65.69154486000745 0.9259809397957061 -1.218159479693739 146.52929632599174
16.26 -72.42000000000002 63.27436092410502 0.6972923634579801 -1.325539707158869 145.06221181344617
16.26 -72.42000000000002 63.88878449047242 0.8466959157262731 -1.1917090081509545 145.40339726764745
16.26 -72.42000000000002 64.15680151889372 0.755010643705279 -1.2031797024696802 146.9016654819752
16.26 -72.42000000000002 63.90195000138733 0.7833613028579535 -1.1545862062965395 145.28419189621275
16.26 -72.42000000000002 61.08382413510508 0.835941469521343 -1.2334794798194477 146.05662130230556
16.26 -72.42000000000002 64.0536306414896 0.7734107313325204 -1.2899534943732953 144.62702158423517
16.26 -72.42000000000002 63.27693161893239 0.7298580458566427 -1.2814588449762883 145.83682655827442
16.26 -72.42000000000002 62.19928594620037 0.9028620752769538 -1.229566408866181 146.4233928918651
16.26 -72.42000000000002 62.5546508913216 0.7008938881740807 -1.2447832713748206 145.70249331587658
16.26 -72.42000000000002 62.97639431535778 0.8376122842372603 -1.3377025891752554 144.72441768727055
16.26 -72.42000000000002 63.53023858359135 0.7387420952934947 -1.2487481490190568 145.89887851154208
16.26 -72.42000000000002 64.20474611281824 0.7268793124911006 -1.2686343456117661 146.13100088901035
16.26 -72.42000000000002 64.1983920114305 0.76339031257429 -1.2436175750405951 145.2735005080466
16.26 -72.42000000000002 58.30173285711121 0.6977991841358555 -1.2309619508120155 145.4899966650903
16.26 -72.42000000000002 61.173560103602206 0.788535145284017 -1.151915826093223 146.1987519707135
16.26 -72.42000000000002 63.254721464376765 0.8381660998357339 -1.3385128221210771 145.15083778060458
16.26 -72.42000000000002 65.85328344924397 0.763956457214232 -1.2050261230867567 146.19233625963582
16.26 -72.42000000000002 64.21341912889761 0.7976049022584575 -1.2326746118502818 145.5985468107627
16.26 -72.42000000000002 61.52556750403944 0.7388673278227922 -1.1371444687457464 145.83677042621164
16.26 -72.42000000000002 63.02536066591038 0.8103709022907222 -1.2697624228974034 146.7979334981974
16.26 -72.42000000000002 67.96564760002562 0.7256140599376487 -1.1867023471077314 146.73748844428886
16.26 -72.42000000000002 66.10002139604411 0.7836002107662762 -1.1627025089163683 145.96033405777715
16.26 -72.42000000000002 61.15122870551353 0.8852182146949671 -1.2410501063279074 146.10245029184088
16.26 -72.42000000000002 59.93984953324736 0.8157931215876534 -1.2098593773509334 145.84468547372722
16.26 -72.42000000000002 64.54269888725327 0.8449312894083387 -1.3052664620356738 145.4031120267829
16.26 -72.42000000000002 60.08437160508616 0.7515139658833396 -1.2321099772115152 145.67173061453192
16.26 -72.42000000000002 59.32538677568236 0.8670371498719904 -1.2977532284750213 145.4489581143262
16.26 -72.42000000000002 61.43237246423397 0.7704609528815874 -1.0960210812768731 145.78497486642567
16.26 -72.42000000000002 62.55933832680536 0.7289819021464018 -1.236643860533742 146.5855610576294
16.26 -72.42000000000002 65.45867355996347 0.7847276335401149 -1.2136178792962862 144.99046354754088
16.26 -72.42000000000002 64.04805802399758 0.7717748141892767 -1.1491792440471222 146.34734465259402
16.26 -72.42000000000002 60.282392717949925 0.7390410849570702 -1.2929719731054166 146.24120540623872
16.26 -72.42000000000002 61.59193166027496 0.8121754220253784 -1.3615523300536785 145.27708153309885
16.26 -72.42000000000002 65.1908410620489 0.8485508743680892 -1.229109740400349 144.89899788519648
16.26 -72.42000000000002 62.086565413384214 0.811075303479905 -1.200276937813594 146.12572177241017
16.26 -72.42000000000002 60.43747220557614 0.7436866484532043 -1.234351151050038 145.19324243592482
16.26 -72.42000000000002 60.55224896991693 0.8233105397319337 -1.1165523178624157 145.90055834159048
16.26 -72.42000000000002 66.33757682929726 0.8602637964619824 -1.186173591342226 144.93614910071855
16.26 -72.42000000000002 58.990860033776585 0.9238403192829443 -1.2970380990779262 144.68141073557865
