283.83129999999994 -30.545299999999987 25.416107213653685 -2.6733415781502847 -1.3696877928656865 143.20670635867407
283.83129999999994 -30.545299999999987 27.06459366645455 -2.6854041526922345 -1.3813767341993584 141.22732344773857
283.83129999999994 -30.545299999999987 26.377734816173465 -2.6994630228960093 -1.3550280379970792 142.52680837504653
283.83129999999994 -30.545299999999987 26.67348326648995 -2.7058559381093668 -1.364710651115588 136.10249799932396
283.83129999999994 -30.545299999999987 26.483593531245393 -2.692837150791296 -1.35659766472173 140.4028848728591
283.83129999999994 -30.545299999999987 27.03438123334035 -2.696239171581766 -1.3634092306347434 139.8561114952884
283.83129999999994 -30.545299999999987 25.51154132985838 -2.679611119528486 -1.3621867467132587 138.68666342165483
283.83129999999994 -30.545299999999987 28.00590822328842 -2.6977881480881547 -1.3488197514914522 143.1987481359533
283.83129999999994 -30.545299999999987 27.364694857664833 -2.705057654515843 -1.350554214295752 140.8753331088317
283.83129999999994 -30.545299999999987 26.596564499449048 -2.6753224605206882 -1.3690265628519276 135.5826757032149
283.83129999999994 -30.545299999999987 27.36361717331194 -2.6882358579195977 -1.3701462126951733 142.55217371744402
283.83129999999994 -30.545299999999987 26.26561902361591 -2.703799314120829 -1.3384118590130585 140.97158674883917
283.83129999999994 -30.545299999999987 27.85948537376873 -2.6984240589695903 -1.3674619390575138 143.1654643815829
283.83129999999994 -30.545299999999987 28.099763601847954 -2.676506559455144 -1.36055151565084 139.13140674373352
283.83129999999994 -30.545299999999987 28.026340349861638 -2.6981416000132628 -1.3521895128003654 135.7432064966474
283.83129999999994 -30.545299999999987 24.866398389686225 -2.6872141970446304 -1.3604362542040453 139.68022363573854
283.83129999999994 -30.545299999999987 26.72055783571679 -2.7001662388894263 -1.3493430767219066 140.87158911453653
283.83129999999994 -30.545299999999987 26.169476942769304 -2.6816660122700684 -1.3484123990057524 136.65973516940852
283.83129999999994 -30.545299999999987 25.5226204982381 -2.6860975033060037 -1.3819291814685508 140.0245179770647
283.83129999999994 -30.545299999999987 28.626900116032004 -2.6915422125098725 -1.3599044562013323 140.55681200810346
283.83129999999994 -30.545299999999987 24.275538612501286 -2.680718289369361 -1.3608897575970837 139.3661725192391
283.83129999999994 -30.545299999999987 24.012877254058974 -2.706624473178112 -1.380774863144402 143.55303919697306
283.83129999999994 -30.545299999999987 27.73366440678334 -2.689142561065691 -1.361946592138655 136.7532134110232
283.83129999999994 -30.545299999999987 26.72580933125418 -2.704697698570864 -1.3563854308259164 137.08929508851105
283.83129999999994 -30.545299999999987 27.062418890679112 -2.698715794500174 -1.359316108631789 138.54617901754295
283.83129999999994 -30.545299999999987 27.33481022124014 -2.683043615587394 -1.3722127925191647 142.8697305228248
283.83129999999994 -30.545299999999987 26.271833720348607 -2.695691763752191 -1.3478533145765235 143.86686397486565
283.83129999999994 -30.545299999999987 26.375216631753705 -2.694532589812124 -1.3414934976391137 138.76201439875413
283.83129999999994 -30.545299999999987 25.7103269819133 -2.6848403467353195 -1.3588473840524107 144.90958444955058
283.83129999999994 -30.545299999999987 26.53194792921205 -2.6968239714213835 -1.3453648867517023 136.2865758358657
283.83129999999994 -30.545299999999987 28.20445529729637 -2.684663146757946 -1.3689109487258297 140.01814613345755
283.83129999999994 -30.545299999999987 25.56949981843909 -2.6975098909708546 -1.3533223629437996 138.19712545751443
283.83129999999994 -30.545299999999987 25.16293852267237 -2.696952756702619 -1.3597030222100424 142.56194710322922
283.83129999999994 -30.545299999999987 25.55310575312028 -2.6839122203218424 -1.346832070068466 141.2459662736023
283.83129999999994 -30.545299999999987 24.011742378015562 -2.7001426671280564 -1.362167119335392 138.0077728235142
283.83129999999994 -30.545299999999987 25.675570852606707 -2.695130684030499 -1.3657080049838544 139.3982519511611
283.83129999999994 -30.545299999999987 25.670683056190818 -2.6932789085721947 -1.3594742463309943 138.0466875196954
283.83129999999994 -30.545299999999987 27.858669787234195 -2.6869707784855534 -1.3516480329314764 136.83631727526844
283.83129999999994 -30.545299999999987 26.533533732753934 -2.7001781409933754 -1.3581394425947273 135.75321480673156
283.83129999999994 -30.545299999999987 27.375567683838785 -2.6748255918318753 -1.3581404323698907 142.10808738083753
283.83129999999994 -30.545299999999987 27.42210702710244 -2.694792533057729 -1.3608799534101557 137.8780813826403
283.83129999999994 -30.545299999999987 26.703055483220723 -2.7019342191122164 -1.3732062946459351 139.26117891303406
283.83129999999994 -30.545299999999987 28.086591866314468 -2.6926822721945594 -1.3687185156502129 143.82238676082665
283.83129999999994 -30.545299999999987 26.99854608416482 -2.707336074429971 -1.3660834034779097 140.17598340636138
283.83129999999994 -30.545299999999987 28.295282227090716 -2.7024101133082383 -1.366540300930882 140.03977721316843
283.83129999999994 -30.545299999999987 28.405116988130747 -2.684503393842948 -1.3622767017920898 140.0506728652231
283.83129999999994 -30.545299999999987 25.62491501253709 -2.6803194297892046 -1.3398378809114029 141.9262015792242
283.83129999999994 -30.545299999999987 27.80654625412996 -2.6910805328573684 -1.3532960645619305 137.08163350111195
283.83129999999994 -30.545299999999987 26.905509148603254 -2.687062469489287 -1.37663903505413 141.35224823222072
283.83129999999994 -30.545299999999987 25.83362454053889 -2.7100148959893713 -1.368806992350212 141.5480321134057
