39.96200000000003 -34.510999999999974 151.309079852023 0.37441482557879624 -0.39815117441849773 55.54485629396066
39.96200000000003 -34.510999999999974 131.60277467740926 0.3745158865134665 -0.40675391815390516 55.44947752825007
39.96200000000003 -34.510999999999974 135.22250959388955 0.3759743302916695 -0.38792415099324506 55.45827632080506
39.96200000000003 -34.510999999999974 137.29037624359856 0.3751435262324166 -0.408573375034486 55.0970186241596
39.96200000000003 -34.510999999999974 147.28407212400649 0.3753230404388058 -0.4014368281247935 55.24687324091513
39.96200000000003 -34.510999999999974 138.26842514428512 0.372221247878454 -0.40014564094962507 55.01860109340556
39.96200000000003 -34.510999999999974 136.79953119781837 0.37214902608752876 -0.40161920950130797 55.30088681264437
39.96200000000003 -34.510999999999974 145.3047524494775 0.3727844897342109 -0.4021074146038938 54.92651240139885
39.96200000000003 -34.510999999999974 139.1941239065152 0.3784912798228997 -0.3994252095217086 55.032248027066544
39.96200000000003 -34.510999999999974 133.08253106152227 0.3625263397146764 -0.4026237647763238 55.821891327861515
39.96200000000003 -34.510999999999974 136.58075845199127 0.3729290298808528 -0.39838552315146647 55.36420148065184
39.96200000000003 -34.510999999999974 131.65453909834395 0.36907216460592096 -0.4010203503247875 55.27016529505221
39.96200000000003 -34.510999999999974 130.84320303857635 0.3837674383814944 -0.40153625556539746 55.59475250680107
39.96200000000003 -34.510999999999974 141.52771063190775 0.3730360613789781 -0.41119589875783485 55.29567016478886
39.96200000000003 -34.510999999999974 134.68429123008954 0.36878411201987377 -0.39337728416304585 55.72173063261579
39.96200000000003 -34.510999999999974 133.8150420588221 0.36721873400622745 -0.4037611592984802 55.548305954817444
39.96200000000003 -34.510999999999974 142.81111856813862 0.3776109813130542 -0.4132505225764739 55.26798679521722
39.96200000000003 -34.510999999999974 144.91518615847605 0.3723429277768886 -0.3921114964511713 55.01644915449856
39.96200000000003 -34.510999999999974 140.0592715052171 0.374097925152894 -0.3955589164718682 55.20087061675319
39.96200000000003 -34.510999999999974 149.0030758602538 0.3752983290342351 -0.40773488428715404 55.04616303084868
39.96200000000003 -34.510999999999974 138.93315156431282 0.3735089871930363 -0.39580541546474174 55.32761488790552
39.96200000000003 -34.510999999999974 144.7675753949966 0.37013024302286224 -0.40879666591815533 55.197150498362554
39.96200000000003 -34.510999999999974 136.85013277903008 0.3709696348767091 -0.3958255260435094 55.28405010495519
39.96200000000003 -34.510999999999974 138.6123003797997 0.3735788323813172 -0.40250749113376716 55.097193855998036
39.96200000000003 -34.510999999999974 135.99239922054088 0.3709534940387035 -0.39292864620881074 55.49713554667153
39.96200000000003 -34.510999999999974 126.55760459761093 0.37601417277721555 -0.404549324704318 54.46384044476599
39.96200000000003 -34.510999999999974 143.99852956845334 0.36795999496700577 -0.3994806284959904 55.42830167006684
39.96200000000003 -34.510999999999974 137.8602012657964 0.3756040340756877 -0.40541114952163254 55.782713480702746
39.96200000000003 -34.510999999999974 134.71767692650127 0.37431488742833596 -0.3990958755764686 55.510401160961614
39.96200000000003 -34.510999999999974 141.0525296661793 0.37613170912265687 -0.40145025775340565 54.858508544135454
39.96200000000003 -34.510999999999974 145.06507301604307 0.3800714867181925 -0.4047543350601012 54.6719259075131
39.96200000000003 -34.510999999999974 143.81569043004092 0.3771120168940982 -0.4032245011177338 55.62248369443248
39.96200000000003 -34.510999999999974 130.26933049837828 0.37490959410276775 -0.40056979281257454 54.8675124712463
39.96200000000003 -34.510999999999974 140.82129868136315 0.3718266037064613 -0.4027403301372288 55.00085286275457
39.96200000000003 -34.510999999999974 136.2892213004715 0.3753659981408134 -0.3990417519839017 55.45014187496141
39.96200000000003 -34.510999999999974 137.71939199046764 0.3741611441323128 -0.4005595941699972 55.24578108766615
39.96200000000003 -34.510999999999974 132.1223335797185 0.3715169154803886 -0.4010435840292202 55.20495166145963
39.96200000000003 -34.510999999999974 140.98490431738432 0.3765238124964036 -0.4040184158190396 55.77865232506042
39.96200000000003 -34.510999999999974 129.93674712562478 0.37665354122089467 -0.40069252412014184 55.306563758318994
39.96200000000003 -34.510999999999974 141.52596127216069 0.3806793282168178 -0.40549716643434613 55.85678048575652
39.96200000000003 -34.510999999999974 149.6968288969873 0.37903039263709454 -0.402797314481643 55.4001187387062
39.96200000000003 -34.510999999999974 149.33368437634962 0.3734365037807579 -0.4042822879325608 55.37208290623574
39.96200000000003 -34.510999999999974 139.55035927798127 0.3660185656065015 -0.40396518120117303 55.32556830426326
39.96200000000003 -34.510999999999974 138.19045918877805 0.36925093345265575 -0.4036385937715433 55.146529223464235
39.96200000000003 -34.510999999999974 139.19398768194802 0.3812239809549934 -0.40429448341318 55.58640079446491
39.96200000000003 -34.510999999999974 145.8680591587361 0.3724851950608746 -0.3910259368980199 55.38489361892792
39.96200000000003 -34.510999999999974 144.03068683780518 0.37178024076384786 -0.4050696449472606 55.28539783328402
39.96200000000003 -34.510999999999974 156.39925633316824 0.3682804744071584 -0.3945871019523617 55.02751537154326
39.96200000000003 -34.510999999999974 132.54390876080473 0.3789284790620072 -0.4023550307635358 55.707052976715055
39.96200000000003 -34.510999999999974 139.21555277660616 0.3733457893043291 -0.40219827447965306 55.03393937351028
