100.40699999999998 -50.966 101.60465515272433 0.45463582751970527 0.1206919524599137 229.07635316173474
100.40699999999998 -50.966 106.02161558613261 0.47831678242108505 0.12350073012251633 228.9584959305947
100.40699999999998 -50.966 106.26267842875116 0.47201287530313707 0.14331714522137992 229.08229370367638
100.40699999999998 -50.966 112.006637553699 0.46474076455946345 0.1359457150482244 229.1439599169841
100.40699999999998 -50.966 102.33648123118223 0.48943543292035024 0.12306162735750473 229.0207188262421
100.40699999999998 -50.966 100.95974040824107 0.4491222572942696 0.10820514856850333 229.13750512747194
100.40699999999998 -50.966 95.68020726542278 0.4619769093168991 0.12097315870412877 229.16308923728255
100.40699999999998 -50.966 101.4374345001095 0.4848854999186693 0.1287238812622979 229.12000612133025
100.40699999999998 -50.966 108.0184058346064 0.4959497406694329 0.15943146734238517 229.02748770041563
100.40699999999998 -50.966 102.80923266422603 0.48960417351133123 0.12093618204802235 229.04980731783036
100.40699999999998 -50.966 101.0152691479677 0.4583888814842056 0.14357769102634788 229.0728739243197
100.40699999999998 -50.966 101.9748650787577 0.5034872668310714 0.1255120678364232 229.11310200428247
100.40699999999998 -50.966 101.6522147563886 0.48334099078235 0.12845417558163208 229.07052884763925
100.40699999999998 -50.966 96.88339459763004 0.4810783471670924 0.1476795320179496 229.01515562171252
100.40699999999998 -50.966 97.99268896410344 0.4955046311853121 0.12053482779480683 229.00852533756506
100.40699999999998 -50.966 110.58584849088624 0.512394498907014 0.1358958631430696 229.23373317410216
100.40699999999998 -50.966 109.09571695277118 0.49232391076788157 0.1473808297390012 229.19187638855342
100.40699999999998 -50.966 104.81009223292503 0.4941671665972941 0.11337350762085516 229.1012495659596
100.40699999999998 -50.966 107.55860357023116 0.48626010199481035 0.14323617264496127 228.8631393336347
100.40699999999998 -50.966 102.0712184759667 0.4676759294941081 0.12510652591085022 229.29656731591103
100.40699999999998 -50.966 113.70658061521681 0.4661605550076326 0.1210111017150612 229.06545552685475
100.40699999999998 -50.966 106.86818513474844 0.4562066967900643 0.1381390244284185 229.04697753645172
100.40699999999998 -50.966 100.96378332340079 0.5259372596550824 0.1429296901404498 228.76565283201666
100.40699999999998 -50.966 122.19621665887541 0.4877779827667181 0.14099830910467953 229.22028037813746
100.40699999999998 -50.966 108.88564371666625 0.4957055802393941 0.13041125570003886 228.93265321865576
100.40699999999998 -50.966 99.64983316338957 0.48349579079920785 0.14899974889750695 229.3211863389891
100.40699999999998 -50.966 108.61484820121278 0.4566976862360703 0.1425227553484242 229.10063165137316
100.40699999999998 -50.966 97.93626373609884 0.49678606793455427 0.1437183116881241 229.1040908917454
100.40699999999998 -50.966 100.95795973620919 0.5136120947727715 0.13157287296807876 229.09022828171717
100.40699999999998 -50.966 115.52317061249471 0.5207069659415468 0.11807551812513566 228.98677208792313
100.40699999999998 -50.966 102.26782111289482 0.510554661510988 0.12371544567459382 229.01624282739886
100.40699999999998 -50.966 103.15025209903287 0.4773117279740016 0.11521920807785863 229.0455934775042
100.40699999999998 -50.966 102.30939026497948 0.47946675951657663 0.14535634268201875 229.10400504014032
100.40699999999998 -50.966 105.3340911419153 0.503560141549732 0.15848065565293795 228.97019482371573
100.40699999999998 -50.966 105.89657020393976 0.4907797574770601 0.13259547240088823 229.1905246742446
100.40699999999998 -50.966 105.16158247464043 0.49063195902220885 0.14118167812347604 228.9509576621224
100.40699999999998 -50.966 100.77174371753551 0.5056861672230514 0.13996624313957287 229.07878406892664
100.40699999999998 -50.966 105.49713853511709 0.5035983917395979 0.1411250916817944 229.07589886834285
100.40699999999998 -50.966 100.72536876789306 0.49947459579415404 0.12545164151482832 229.0861675382734
100.40699999999998 -50.966 103.19906736013938 0.49046466094482516 0.1290295083866563 229.20466177488834
100.40699999999998 -50.966 105.83370781267163 0.47979291262847507 0.11753075806400871 228.94170687275917
100.40699999999998 -50.966 103.4972684842727 0.48471435841811755 0.08027167357799059 228.9012008002667
100.40699999999998 -50.966 109.12590014583108 0.49545367012894215 0.12832236169094705 229.243386210515
100.40699999999998 -50.966 107.99882210719187 0.4765921981050538 0.12155776717562734 229.18505978672104
100.40699999999998 -50.966 104.73497614618509 0.470423518776627 0.11811623252826116 229.1247028905585
100.40699999999998 -50.966 104.18512224880153 0.4855086710372045 0.14910548784023334 229.06118549850166
100.40699999999998 -50.966 92.1287984347401 0.4968387634117138 0.15963850098990415 229.19672119644056
100.40699999999998 -50.966 110.56255126955026 0.4953577488571629 0.12546437682132275 229.00044590190495
100.40699999999998 -50.966 91.93809861377795 0.48857488102499647 0.1489241941063829 229.02280293861062
100.40699999999998 -50.966 103.07346212099159 0.505473215151263 0.1150058199322801 229.0632076363725
