168.36999999999995 22.152000000000033 234.6512071817552 -0.07551057848442583 -0.2894224215820028 78.06224599756338
168.36999999999995 22.152000000000033 229.26990765988364 -0.10628323676956208 -0.12281747607398005 78.06549764716715
168.36999999999995 22.152000000000033 220.06851888097745 -0.033716603223084014 -0.23248598564915154 77.94666492221903
168.36999999999995 22.152000000000033 217.7139553075102 -0.08478791395761659 -0.1456574676839076 78.04527645121605
168.36999999999995 22.152000000000033 211.74608255448504 -0.15437951827373447 -0.1355456780330396 78.17588970179833
168.36999999999995 22.152000000000033 245.29984543350835 -0.010402342062988883 -0.07320994159875202 78.02254017904409
168.36999999999995 22.152000000000033 231.49357369596765 -0.10878063410213265 -0.2858936879667362 78.17226960394987
168.36999999999995 22.152000000000033 217.30869298848953 0.01222746340436523 -0.2382718167132715 77.98483951468371
168.36999999999995 22.152000000000033 214.59664738949158 -0.08123380058245763 -0.19692198967576025 78.01133311285375
168.36999999999995 22.152000000000033 230.44203766842617 -0.07759602016792885 -0.13894339383384696 77.84844986553658
168.36999999999995 22.152000000000033 218.7936486591015 -0.04507299489965761 -0.18556224177014535 78.10651985699222
168.36999999999995 22.152000000000033 224.4549258055567 -0.023423633618181443 -0.12325715993346625 77.99976852773354
168.36999999999995 22.152000000000033 220.83112839277916 0.017909715609430228 -0.23524441491094522 77.91832827070974
168.36999999999995 22.152000000000033 223.52661048679212 0.09988371426681691 -0.1323248137356207 77.99649308666677
168.36999999999995 22.152000000000033 225.09335139518757 -0.11021634289772803 -0.010278662134731636 77.9525013420882
168.36999999999995 22.152000000000033 219.64252895840139 -0.09252164180556513 -0.06280342035802342 77.9931235646963
168.36999999999995 22.152000000000033 205.42235660468774 -0.029018127409948153 -0.2887069165881968 78.09909962560754
168.36999999999995 22.152000000000033 244.70872656199435 -0.1699593964584676 -0.11931039070258721 77.85375165473371
168.36999999999995 22.152000000000033 200.49114326417103 -0.08535961365768244 -0.05208852997652637 77.89705191489251
168.36999999999995 22.152000000000033 222.17051126701958 -0.06079333299245278 -0.28810048812190986 78.01138602519055
168.36999999999995 22.152000000000033 223.417722419182 -0.004493464657047225 -0.2917604344275325 77.93776711269906
168.36999999999995 22.152000000000033 224.15579087227692 -0.023220458794562426 -0.10640470943015005 78.23683420370757
168.36999999999995 22.152000000000033 233.2354087114898 0.08117900893843857 -0.1824799574802216 77.99238103207394
168.36999999999995 22.152000000000033 234.8726584470469 -0.05121440696249307 -0.1098917935817641 78.03749242738346
168.36999999999995 22.152000000000033 218.538599347366 -0.11840798987562573 -0.25644339552717754 78.0966146756053
168.36999999999995 22.152000000000033 201.35743563205375 0.018071647784461735 -0.007997112481954893 77.93993440088941
168.36999999999995 22.152000000000033 235.56882612540542 0.0026509385583257904 -0.19225388584664388 78.0845971415025
168.36999999999995 22.152000000000033 214.09320276717756 -0.06847024410991788 -0.0969478109569665 78.09700757979516
168.36999999999995 22.152000000000033 215.34888477565116 0.11698686864616945 -0.20455647883549272 78.04704718287557
168.36999999999995 22.152000000000033 232.53713872286946 -0.12196479506764496 -0.18275009408239795 78.07118970853502
168.36999999999995 22.152000000000033 241.95264394943587 0.008220523598178611 -0.004199527504570866 78.02462713330688
168.36999999999995 22.152000000000033 207.24192492345242 -0.17314788802589723 -0.15059937495958883 77.97557946288005
168.36999999999995 22.152000000000033 232.1523855257981 -0.01771171453049263 -0.11957766928007854 78.06842210752481
168.36999999999995 22.152000000000033 228.63664217959274 0.04325891677596908 -0.28268466520001057 78.13643211075126
168.36999999999995 22.152000000000033 228.2247307534758 -0.10598249144685698 -0.18902654198986835 78.05046804568032
168.36999999999995 22.152000000000033 216.77829436711238 0.11598941971316024 -0.30043395027362485 77.8773083085499
168.36999999999995 22.152000000000033 237.63228856745053 0.02671286709668194 -0.186797284425036 78.00343973540556
168.36999999999995 22.152000000000033 222.72452653511888 0.05499163648837498 -0.044108381948613024 77.9448298653449
168.36999999999995 22.152000000000033 214.62762638306765 0.038304684520638364 -0.1180223762940083 77.89707134920542
168.36999999999995 22.152000000000033 233.6651141711334 -0.11396881542217133 -0.12722656656333908 78.04393116105886
168.36999999999995 22.152000000000033 232.67940585135207 0.05469422785791284 -0.25459877970568234 78.07332268865954
168.36999999999995 22.152000000000033 221.2318422670284 -0.05884249538932733 -0.08460200963717289 78.17617939781685
168.36999999999995 22.152000000000033 210.33199033883488 -0.05426534289748311 -0.21814835805173208 77.950214630282
168.36999999999995 22.152000000000033 226.50710161207058 -0.12144090316950368 -0.26351253602232616 77.9471302814584
168.36999999999995 22.152000000000033 224.92956642980735 -0.07478100444248523 -0.20787631066712953 78.04904918797214
168.36999999999995 22.152000000000033 212.00651613342606 0.0902826379804684 -0.19447830927189375 78.04933018303552
168.36999999999995 22.152000000000033 223.8344971052655 0.040065745053759226 -0.13485197018368025 77.9940541669925
168.36999999999995 22.152000000000033 237.8677618372676 -0.005693362796225194 -0.07185450207535159 77.98887365673936
168.36999999999995 22.152000000000033 226.70458031622968 -0.0017406497169812872 -0.0839522088176414 77.91967621325047
168.36999999999995 22.152000000000033 221.21619933273553 -0.09015439203860157 -0.07204160439618544 77.90222601595529
