153.26799999999997 -1.6199999999999948 91.11976432331893 -0.4339680131329293 0.021659539030422274 224.0797703087839
153.26799999999997 -1.6199999999999948 81.63359209191137 -0.45760660641754514 0.021189898538032256 224.1955908427801
153.26799999999997 -1.6199999999999948 86.19919358872437 -0.46312976184124344 0.04310748707201671 224.19763021449194
153.26799999999997 -1.6199999999999948 91.20592787582058 -0.40671183024501517 0.06208348115620663 224.26101194036897
153.26799999999997 -1.6199999999999948 91.05529020699139 -0.4365521238226361 0.07573488360643235 224.23593420323527
153.26799999999997 -1.6199999999999948 82.86331593678459 -0.4020887925367363 0.04796373397597871 224.22807709238074
153.26799999999997 -1.6199999999999948 81.75247798217866 -0.4625643584386632 0.028780745656515193 224.04277947126081
153.26799999999997 -1.6199999999999948 89.44055128511258 -0.4532770758763544 0.05958858408645257 224.2453278566494
153.26799999999997 -1.6199999999999948 82.75175147113832 -0.45416030222225057 0.03990298876101106 224.2166013201577
153.26799999999997 -1.6199999999999948 91.33795527525969 -0.45079046466113337 0.018513330703799152 224.09005245843343
153.26799999999997 -1.6199999999999948 88.01338912206093 -0.45596038754968615 0.06750304120598398 224.15248066013717
153.26799999999997 -1.6199999999999948 84.9296157898552 -0.3883467129204997 0.04514879056219777 224.32262055781172
153.26799999999997 -1.6199999999999948 79.81990628004434 -0.42424149890905155 0.06432931302756359 224.0403958464823
153.26799999999997 -1.6199999999999948 86.9117633027802 -0.462472941913822 0.06731686294236186 224.22833116943056
153.26799999999997 -1.6199999999999948 87.81845051602059 -0.4800524795090871 -0.0194649919002408 224.34291323051292
153.26799999999997 -1.6199999999999948 91.62024340055827 -0.41837180088244286 -0.0025397046289542813 224.2744574737741
153.26799999999997 -1.6199999999999948 89.50029792464535 -0.4215828275117498 0.04359474573367538 224.09767234048618
153.26799999999997 -1.6199999999999948 81.91806523441088 -0.40155621168111916 0.03680864166147377 224.20877283845064
153.26799999999997 -1.6199999999999948 83.69566289537656 -0.47940144168908944 0.04528238900555091 224.31644167249775
153.26799999999997 -1.6199999999999948 92.36319448076361 -0.44155683486361136 0.08349061760001954 223.87675954921198
153.26799999999997 -1.6199999999999948 80.73733893581077 -0.4692949446893545 0.07001534629376492 224.31097105094386
153.26799999999997 -1.6199999999999948 89.40605201184776 -0.4586643630308405 0.045947378622275936 224.17790973063398
153.26799999999997 -1.6199999999999948 93.66459582275219 -0.4002202878815113 0.0803181134713715 224.34499331039154
153.26799999999997 -1.6199999999999948 82.89583726875425 -0.43335330272217837 0.02953897711901339 224.2586271773726
153.26799999999997 -1.6199999999999948 83.45262178180671 -0.3876600608605345 0.07534165346397942 224.15757509314102
153.26799999999997 -1.6199999999999948 77.2245554117867 -0.4247210406138534 0.05888269859858417 224.29822187917935
153.26799999999997 -1.6199999999999948 85.36035017179728 -0.4463842986919455 0.06644470511976845 224.1993419500292
153.26799999999997 -1.6199999999999948 78.3689738625992 -0.4761463346175674 0.03972850238711746 224.3488849593277
153.26799999999997 -1.6199999999999948 88.22637239076892 -0.4046441572470264 0.0961853621489142 224.1250350098907
153.26799999999997 -1.6199999999999948 87.90402615386144 -0.4469498890727845 0.04652872987306737 224.2487249580704
153.26799999999997 -1.6199999999999948 78.42610992377637 -0.4371932216542453 0.04204627837803938 224.02321053663107
153.26799999999997 -1.6199999999999948 87.99380104080608 -0.46888408246031443 0.033080191104001094 224.07555441485002
153.26799999999997 -1.6199999999999948 87.63135304999689 -0.4493533353270418 0.024296865886430295 224.11146218629204
153.26799999999997 -1.6199999999999948 79.66638865240917 -0.42213302487280696 0.023124735131818973 224.08927208007748
153.26799999999997 -1.6199999999999948 84.36505826623446 -0.4656477660026048 0.07063057452163332 224.4072544391858
153.26799999999997 -1.6199999999999948 86.51862643554458 -0.41924991354922 0.08145639064092779 224.1365740154296
153.26799999999997 -1.6199999999999948 83.39704564564292 -0.4328313715732902 0.11656664290678331 224.04466645864122
153.26799999999997 -1.6199999999999948 82.15212241679127 -0.42543978971135615 0.06762454140606641 224.41296558202993
153.26799999999997 -1.6199999999999948 81.64198635539478 -0.4186019200944003 0.04155560428305515 224.21532270117814
153.26799999999997 -1.6199999999999948 85.32697598315679 -0.4733574092331791 0.09791637010395465 224.21442106713494
153.26799999999997 -1.6199999999999948 85.45562916555431 -0.44397578611411387 -0.009332229966575914 224.29525647402903
153.26799999999997 -1.6199999999999948 83.28009276848694 -0.39784357418902033 0.05894502848222169 224.13705419832183
153.26799999999997 -1.6199999999999948 82.74782608033561 -0.450940163744607 0.044977020522990324 224.2862602954338
153.26799999999997 -1.6199999999999948 87.56875392197819 -0.4079743183772623 0.04815154882517539 224.15696866542618
153.26799999999997 -1.6199999999999948 90.13308030735598 -0.4670955951179085 0.023639306622390346 224.0860598347428
153.26799999999997 -1.6199999999999948 94.07663206825758 -0.3697254869077653 0.03410631350577156 224.07411954861476
153.26799999999997 -1.6199999999999948 84.5038446394235 -0.4407328394618814 0.03645759697721316 224.0952777628788
153.26799999999997 -1.6199999999999948 81.0160180466359 -0.4276893449029513 0.022446171354437945 224.18363940552533
153.26799999999997 -1.6199999999999948 85.56448132296893 -0.47149128393729334 0.04252618472328829 224.2822487788688
153.26799999999997 -1.6199999999999948 85.36769132832701 -0.5052772441238769 0.01788830803384813 224.09798419959387
