15.039000000000057 -33.708999999999975 88.69387488053259 0.07710546550275053 -0.1258782863327059 111.43135664210497
15.039000000000057 -33.708999999999975 81.8063239304102 0.09124450047422068 -0.12953641738729335 111.35962793085776
15.039000000000057 -33.708999999999975 86.26124115417296 0.08510414134020809 -0.1384394658879751 111.62249081862039
15.039000000000057 -33.708999999999975 77.11167359960635 0.08947456768395046 -0.1322709924317364 111.31787990050354
15.039000000000057 -33.708999999999975 79.6176183155915 0.07912372196064882 -0.12432111505929604 111.15529162539717
15.039000000000057 -33.708999999999975 76.29050125897622 0.07849758848637345 -0.14244741424664653 111.26480659241324
15.039000000000057 -33.708999999999975 87.09024051559794 0.0818948427602487 -0.13528204059309182 111.30075689397971
15.039000000000057 -33.708999999999975 81.35843639738091 0.08601652867877758 -0.13341558153699346 111.34987617030531
15.039000000000057 -33.708999999999975 81.69244404565484 0.0749488146525689 -0.14050522961321366 111.4836599594623
15.039000000000057 -33.708999999999975 77.74331340152156 0.07489209052079564 -0.12799179633934132 111.41159667435373
15.039000000000057 -33.708999999999975 82.55361477894081 0.08573744895068039 -0.13612101950929065 111.27951431727696
15.039000000000057 -33.708999999999975 85.5440946445949 0.08266979373884792 -0.13522302152154736 111.40408018278492
15.039000000000057 -33.708999999999975 83.680576242454 0.09162366555270007 -0.12535708063603956 111.38232777780327
15.039000000000057 -33.708999999999975 82.03385811329623 0.07914003328278288 -0.12931703624042762 111.54055527724852
15.039000000000057 -33.708999999999975 89.13836652576522 0.0913594491062202 -0.13850104629486248 111.63859075668239
15.039000000000057 -33.708999999999975 80.26737324823442 0.08317270099240973 -0.1381430939078929 111.34628803622198
15.039000000000057 -33.708999999999975 91.19939231825822 0.08527081944799803 -0.12230162120521557 111.38885382443469
15.039000000000057 -33.708999999999975 88.05230573249395 0.08634621738089553 -0.12925437189175043 111.3765857174417
15.039000000000057 -33.708999999999975 90.65964624947144 0.07683525118165595 -0.12912442457945986 111.4781440951492
15.039000000000057 -33.708999999999975 87.60624990489559 0.09201510389320448 -0.13478717088557432 111.57429605211627
15.039000000000057 -33.708999999999975 85.23687590053896 0.07386700939950523 -0.13663816265593456 111.29640734262597
15.039000000000057 -33.708999999999975 83.43611960484677 0.08292707466247645 -0.13680226872676718 111.32000684167912
15.039000000000057 -33.708999999999975 87.64807055901912 0.07487468432457911 -0.1338067257507123 111.37230586679959
15.039000000000057 -33.708999999999975 81.21710455502053 0.08555566135652574 -0.13857359005434525 111.36295480927231
15.039000000000057 -33.708999999999975 89.3081605733893 0.08465882214740704 -0.14190098031331697 111.29305211030447
15.039000000000057 -33.708999999999975 80.03244511997335 0.08419569452035222 -0.13269611627623082 111.28111274767207
15.039000000000057 -33.708999999999975 86.83524732159462 0.08131673896050269 -0.13241792358696133 111.58135773018192
15.039000000000057 -33.708999999999975 86.78919984461726 0.08966738737397884 -0.12800394075183946 111.35475628344916
15.039000000000057 -33.708999999999975 85.67387218893548 0.08999797159014626 -0.12637414542072317 111.4320842873909
15.039000000000057 -33.708999999999975 82.05027937350226 0.0871636698074205 -0.13331386779926802 111.41456006794357
15.039000000000057 -33.708999999999975 88.73660091123993 0.08774563872866703 -0.14274432695817518 111.47330722372732
15.039000000000057 -33.708999999999975 88.98743479544291 0.09127312150050611 -0.13873671913991598 111.27517139169859
15.039000000000057 -33.708999999999975 85.4112541534542 0.08544602446035149 -0.13387130802640154 111.19322575676952
15.039000000000057 -33.708999999999975 76.63457675249332 0.08323707674571962 -0.12492726024942073 111.44793707226614
15.039000000000057 -33.708999999999975 94.36477150524262 0.0772302072915989 -0.13794542053870826 111.61030360099079
15.039000000000057 -33.708999999999975 85.47357851297114 0.06969931153438624 -0.14585644748130716 111.63612862211946
15.039000000000057 -33.708999999999975 82.81839020352173 0.08375872189817091 -0.13533582752593915 111.21723762847026
15.039000000000057 -33.708999999999975 85.08509324254047 0.08971945155547277 -0.1362350818247542 111.47707275905111
15.039000000000057 -33.708999999999975 84.2830226604628 0.08312936881242403 -0.12159805917554621 111.54572838311988
15.039000000000057 -33.708999999999975 78.31538306440574 0.08492891426295017 -0.13535424027383763 111.38925090837857
15.039000000000057 -33.708999999999975 77.55225987565655 0.0850454949416233 -0.12432953889961901 111.47325536777825
15.039000000000057 -33.708999999999975 81.84132633004408 0.08227469602625648 -0.13666072051943715 111.31760655969101
15.039000000000057 -33.708999999999975 84.39566641521775 0.07828812940177642 -0.13506312084833483 111.54548988916467
15.039000000000057 -33.708999999999975 85.85725956453878 0.08961188942937262 -0.13036050004060853 111.52798905919649
15.039000000000057 -33.708999999999975 83.62516347322506 0.08170764694299036 -0.1339172212226576 111.3743712893519
15.039000000000057 -33.708999999999975 79.21001518051554 0.08078015892373368 -0.13800509009417322 111.20760469711131
15.039000000000057 -33.708999999999975 84.56183161893578 0.09267429136453194 -0.13342698816495402 111.5101398099959
15.039000000000057 -33.708999999999975 81.94170688839235 0.08591756247460991 -0.14394495656232567 111.35493339062538
15.039000000000057 -33.708999999999975 81.76528301669741 0.08545581923419425 -0.13196394563497776 111.49543284613269
15.039000000000057 -33.708999999999975 82.50057138163824 0.07865741348821988 -0.12230102537016953 111.465751966288
