260.06 57.964999999999954 83.00341996454054 -0.01898457135445298 -0.1810634698730304 -291.0084961609034
260.06 57.964999999999954 74.52375744974465 -0.0023708918845788615 -0.16762743538587532 -290.95571883984366
260.06 57.964999999999954 77.46964574986302 -0.02459959229541612 -0.14119849667910542 -291.0837516309557
260.06 57.964999999999954 74.03592100222313 -0.006173506474334162 -0.15739165895716484 -290.99532446933205
260.06 57.964999999999954 80.0811526194759 -0.023456647575071377 -0.16167312246987606 -291.0636454093861
260.06 57.964999999999954 73.62014874037916 -0.012586934542253589 -0.16727818962755198 -291.02000044944515
260.06 57.964999999999954 79.75047258706978 0.00722918779357231 -0.18796517833598814 -290.98110943078797
260.06 57.964999999999954 75.7355380762167 -0.017399657301875815 -0.17786460699853074 -290.86154926458113
260.06 57.964999999999954 82.898646296939 -0.025983097374882035 -0.15572194703270203 -291.2297582923514
260.06 57.964999999999954 72.67798876622257 -0.04152818027821874 -0.14887775736497286 -291.0569687779041
260.06 57.964999999999954 78.6002538244883 -0.027095390730570927 -0.15037279391388297 -290.8802142679029
260.06 57.964999999999954 73.71356011346364 -0.008273680417869588 -0.1604579363986143 -290.87817115620857
260.06 57.964999999999954 82.1914697928386 -0.017125549146204858 -0.1410199771028063 -291.05153585858164
260.06 57.964999999999954 80.39839635365657 -0.014557021691954516 -0.1503835323309017 -290.9815531712123
260.06 57.964999999999954 78.87417353658371 0.002903145737586937 -0.13775692319386018 -291.124264937863
260.06 57.964999999999954 77.23857756870575 -0.005512358093759018 -0.15948214498351157 -291.02307936084185
260.06 57.964999999999954 82.98419938558939 -0.01491578822726065 -0.18085369150497532 -290.981928893913
260.06 57.964999999999954 77.94860628639343 0.0006536234716439781 -0.15978122393906213 -291.039901990184
260.06 57.964999999999954 83.03479865836302 0.02403067694064648 -0.1510716225095367 -291.1294430273024
260.06 57.964999999999954 77.9790489363468 -0.03293063451663506 -0.16722764416483757 -290.92790592789703
260.06 57.964999999999954 77.59256711155221 -0.009215925905151153 -0.16459312885601934 -291.06044191759884
260.06 57.964999999999954 78.39088621593014 0.007223898526755777 -0.14037152622996105 -290.8624116979503
260.06 57.964999999999954 75.99014828964104 -0.020271652548855733 -0.14854121285108463 -291.0075686794701
260.06 57.964999999999954 76.53919357943843 -0.004101742353245678 -0.16603350459766916 -290.959553034637
260.06 57.964999999999954 79.21012493244135 -0.0012323521605557934 -0.16384526402226288 -291.0946847495502
260.06 57.964999999999954 80.05664085912495 -0.0066542945895642774 -0.13961684764413643 -290.8799476438754
260.06 57.964999999999954 79.34419665173456 -0.007629670191544456 -0.1428011637663288 -291.1616698962288
260.06 57.964999999999954 84.61745854599172 -0.031689446606565946 -0.17918034034763047 -290.92716157795667
260.06 57.964999999999954 82.28364077769326 -0.016458365753522945 -0.15300332789505933 -290.8092727534881
260.06 57.964999999999954 81.58237691093977 0.005839049542338128 -0.15365680338348528 -290.8947826549045
260.06 57.964999999999954 88.75759667042162 -0.0018585739293433077 -0.1800032934052517 -290.98861690141126
260.06 57.964999999999954 77.09219227256928 -0.021473965188589253 -0.17517494118696103 -290.9737279614421
260.06 57.964999999999954 76.84164399977958 -0.026911839871926226 -0.161816688242435 -291.0469070773587
260.06 57.964999999999954 74.67564146328391 -0.0367216056096977 -0.16461427922535182 -290.961585360346
260.06 57.964999999999954 83.7150576234055 0.0014104207259256762 -0.1626211779635981 -291.06493829114703
260.06 57.964999999999954 75.0319702055971 -0.0030184234778088716 -0.17112230593760894 -290.91622620676327
260.06 57.964999999999954 69.94777999754984 -0.01204589366339657 -0.16668748940491787 -290.93521040752313
260.06 57.964999999999954 83.79460810719058 -0.025431329732825976 -0.14624506216792554 -291.02591470910727
260.06 57.964999999999954 84.43430228731219 -0.009399296096908708 -0.1499259512778623 -291.13906170329756
260.06 57.964999999999954 85.32684882865067 -0.023544564647523254 -0.13792388692800506 -291.098134857067
260.06 57.964999999999954 83.33343323234988 -0.013976914619944259 -0.14671009001521132 -291.00750296706286
260.06 57.964999999999954 77.26726854199562 -0.018115398323641844 -0.14832456531501745 -290.89511602447243
260.06 57.964999999999954 79.98554269851066 -0.00624755142764636 -0.15534316259414813 -290.95748712968447
260.06 57.964999999999954 77.29631427403763 0.024411524055327646 -0.15890871112360822 -291.0953427893358
260.06 57.964999999999954 81.64729875480904 -0.0052104595258227 -0.15323436022517575 -291.09376862230835
260.06 57.964999999999954 81.92661384883695 0.007819368724156079 -0.1469492891341777 -290.86893479887493
260.06 57.964999999999954 80.864720014305 -0.014681764183060999 -0.16336332466690298 -291.07333231365595
260.06 57.964999999999954 80.15982137372131 0.007691556466284201 -0.1531957162018865 -291.0663354778518
260.06 57.964999999999954 77.22027877650277 -0.016810131880283675 -0.1560158831255267 -291.0099270734755
260.06 57.964999999999954 81.47226601685205 -0.009525105298104446 -0.1441246321828665 -291.05976486330775
