227.29724999999996 67.21436 59.35308703608658 0.05961503714949102 0.04584969363523931 -246.7616161282502
227.29724999999996 67.21436 63.223177756893875 0.04835528786598103 0.0399637404159637 -246.84212937106133
227.29724999999996 67.21436 62.333055518945685 0.020575019026898435 0.08860294688828421 -246.93811391230267
227.29724999999996 67.21436 63.80418188094517 0.044363272348931934 0.044113996805938166 -246.93522792973732
227.29724999999996 67.21436 60.540730482301 0.07487312257256959 0.041044767575399155 -246.89390596021508
227.29724999999996 67.21436 60.12199337651147 0.06650163006505233 0.024406942593872792 -246.76508308363793
227.29724999999996 67.21436 63.97495919473246 0.07323113141339622 0.06627303057902956 -246.9163655509354
227.29724999999996 67.21436 59.34279179576187 0.044436277599122914 0.0729643887321174 -246.92826665016344
227.29724999999996 67.21436 58.38373892020877 0.05888925054881005 0.10381243199606983 -246.86892432541504
227.29724999999996 67.21436 62.133690066414154 0.060324899352086285 0.05405179578396187 -247.0264128404561
227.29724999999996 67.21436 60.42241976466146 0.022582698552388668 0.0788741553583766 -246.82842651476142
227.29724999999996 67.21436 56.96685608351304 0.0929511384363974 0.045503412301429236 -246.89034295394114
227.29724999999996 67.21436 60.29706305884888 0.04220210938915253 0.07390592316407342 -246.89031913151203
227.29724999999996 67.21436 58.24188852999277 0.10995779669801155 0.08220543135679359 -246.96672097212243
227.29724999999996 67.21436 56.36031558302351 -0.010846503405410754 0.0728416661230862 -246.9162561492885
227.29724999999996 67.21436 60.62633373952562 0.08279092507860086 0.0855517190732624 -246.83474429843915
227.29724999999996 67.21436 58.57102754553022 0.06502618719242477 0.10710395100984141 -246.90868587626613
227.29724999999996 67.21436 63.11798483258624 0.05000336507807126 0.09090220463258775 -246.94033885906475
227.29724999999996 67.21436 58.559543110845226 0.02100136886877882 0.04512041947189795 -246.88785803627934
227.29724999999996 67.21436 63.12755139131641 0.0708076123901502 0.07368480068518568 -246.92456690315956
227.29724999999996 67.21436 55.18079531717011 0.06356365620855357 0.08471532908609206 -247.02417034342906
227.29724999999996 67.21436 60.85589470403734 0.03266064967357363 0.07099885716190293 -247.06881174320606
227.29724999999996 67.21436 65.17449374110464 0.06574537145763377 0.0567949468130362 -246.85180172223073
227.29724999999996 67.21436 56.347904636898974 0.0667840661059244 0.08211494673730538 -246.89259317140804
227.29724999999996 67.21436 56.13190940234205 0.03017722134278097 0.09955613009741907 -246.59989224385575
227.29724999999996 67.21436 60.91673972377267 0.08865948855457911 0.10233604088866143 -246.92700980464994
227.29724999999996 67.21436 61.85901858532316 0.06269590602538007 0.07366474914488498 -246.95311110056838
227.29724999999996 67.21436 57.40588666330963 0.0550565915879531 0.04357267456362382 -247.09526313978603
227.29724999999996 67.21436 58.51043957950618 0.05163300848698629 0.0700017795788868 -246.8921443422429
227.29724999999996 67.21436 62.782449213423384 0.027535699254266736 0.0463903290515744 -246.95703492696157
227.29724999999996 67.21436 55.603225828717164 0.014422114629378147 0.025320811071237292 -246.9681438673074
227.29724999999996 67.21436 62.86179443040529 0.07349753718937346 0.08207334680597154 -246.9913008369847
227.29724999999996 67.21436 60.475098167955785 0.07852631127350573 0.07221436141394957 -246.85777524356277
227.29724999999996 67.21436 57.42467145966627 0.04403826677866038 0.052869235299734474 -246.8077999653438
227.29724999999996 67.21436 60.769600632187625 0.04626329039778168 0.08188997801849686 -246.8497839043114
227.29724999999996 67.21436 61.371550510674716 0.07587553222209575 0.02745776768698175 -246.90372479033158
227.29724999999996 67.21436 59.76320055974301 0.00780583721963983 0.10232954016067589 -246.97508821926598
227.29724999999996 67.21436 59.3215739373182 0.09046282095393142 0.0654047281508209 -247.06024184378012
227.29724999999996 67.21436 53.59949985274157 0.0652960634647583 0.09190554838725012 -246.94780221933595
227.29724999999996 67.21436 58.08547780222894 0.003574725303095709 0.05510840914370367 -247.0834554204269
227.29724999999996 67.21436 59.73139122389946 0.04200152291128667 0.06176759212410415 -247.03863148530584
227.29724999999996 67.21436 54.80034430509199 0.0650840045644129 0.02610385552741265 -247.0181446985206
227.29724999999996 67.21436 56.628501230051604 0.03688319935889299 0.08787205588828953 -246.89660372286505
227.29724999999996 67.21436 57.25533529241082 0.07086964522659413 0.07301624562119413 -246.99137242101892
227.29724999999996 67.21436 61.22629473513143 0.04995697443641036 0.07089552437677045 -246.9302177731371
227.29724999999996 67.21436 60.65212558497838 0.12191383383148312 0.05768681322417428 -246.9500338291884
227.29724999999996 67.21436 59.071649614269575 0.031896104463643576 0.05594961560347749 -246.8099670290503
227.29724999999996 67.21436 59.01512037642266 0.07924793157269998 0.09286277478141036 -246.8318759759087
227.29724999999996 67.21436 57.604088383980795 0.05359894048394145 0.07708001270778042 -246.87611283833849
227.29724999999996 67.21436 62.65423513244785 0.05554853996357478 0.02374517766699441 -246.80453059436948
